#fromHackerrank#introduction to sets
#https://www.hackerrank.com/challenges/py-introduction-to-sets/problem?h_r=next-challenge&h_v=zen
n=int(input())
p=list(set(map(int, input().split())))
print(sum(p)/len(p))

#input
100
172 171 177 162 161 184 163 152 163 179 154 162 182 179 165 158 156 177 153 178 177 155 166 155 156 172 172 153 169 161 173 183 171 170 163 170 153 177 172 163 170 171 153 162 164 169 176 174 173 182 172 160 161 170 176 168 160 166 161 184 158 180 170 181 179 164 174 160 162 169 175 173 183 
158 172 167 156 156 183 175 168 172 174 172 182 157 177 166 169 171 179 162 163 162 184 181 156 161 183 159
#output
168.0
