##from the link: https://www.hackerrank.com/challenges/list-comprehensions/problem
x = int(input())
y = int(input())
z = int(input())
n = int(input())
print([[i,j,k] for i in range(x+1) for j in range(y+1) for k in range(z+1) if i+j+k !=n])

#output
2

3

4

5
[[0, 0, 0], [0, 0, 1], [0, 0, 2], [0, 0, 3], [0, 0, 4], [0, 1, 0], [0, 1, 1], [0, 1, 2], [0, 1, 3], [0, 2, 0], [0, 2, 1], [0, 2, 2], [0, 2, 4], [0, 3, 0], [0, 3, 1], [0, 3, 3], [0, 3, 4], [1, 0, 0], [1, 0, 1], [1, 0, 2], [1, 0, 3], [1, 1, 0], [1, 1, 1], [1, 1, 2], [1, 1, 4], [1, 2, 0], [1, 2, 1], [1, 2, 3], [1, 2, 4], [1, 3, 0], [1, 3, 2], [1, 3, 3], [1, 3, 4], [2, 0, 0], [2, 0, 1], [2, 0, 2], [2, 0, 4], [2, 1, 0], [2, 1, 1], [2, 1, 3], [2, 1, 4], [2, 2, 0], [2, 2, 2], [2, 2, 3], [2, 2, 4], [2, 3, 1], [2, 3, 2], [2, 3, 3], [2, 3, 4]]
